2.120342923828304194e-01
3.863832493284106162e-01
3.222766133614740069e-01
2.830191808185067992e-01
2.498068701087250154e-01
3.228894072807612647e-01
4.228733702412727502e-01
3.000868753841204328e-01
3.171194674181373463e-01
3.096445071595362308e-01
2.722472592043819195e-01
2.955619485437854244e-01
2.477231648738501824e-01
3.501425897783693730e-01
2.449247441780343093e-01
4.102274520453886297e-01
4.358135759997341929e-01
9.413574818426898028e-02
2.995754770827033786e-01
2.833215403496657792e-01
2.550980978646814612e-01
2.626545728598034812e-01
4.317572492390558958e-01
4.269775488645323192e-01
2.583396858428015364e-01
3.353739495260212866e-01
3.471414248192287166e-01
2.433242443772467845e-01
3.542533390693785589e-01
2.461712501605312076e-01
1.040572314373720830e-01
2.608922016305548763e-01
3.455239058811623298e-01
2.503341224285384747e-01
2.489935279869053830e-01
3.172288928318657830e-01
2.858651397459007204e-01
2.712053597498514934e-01
4.350725783578455186e-01
2.377020320369591933e-01
3.118475945151266138e-01
3.089932513681094006e-01
3.340812054065907533e-01
3.122004268048556574e-01
3.585448016939176141e-01
2.377782367910128147e-01
2.400572399941185708e-01
3.355711705927496569e-01
3.474874275086280440e-01
2.931074529313364985e-01
2.737967816687688627e-01
3.085561968248065057e-01
2.770427478400214194e-01
3.645769628413211283e-01
3.359688773765550640e-01
3.525326101672944801e-01
2.531270045530444324e-01
3.591449079138987477e-01
3.117940769276493773e-01
3.662935990240685502e-01
3.244580858727551531e-01
3.249459633510823897e-01
2.894250349094898977e-01
3.764988831662174906e-01
3.131898972337265330e-01
2.701542804029555267e-01
3.766481615029698693e-01
3.097422754574407078e-01
1.558660401066354340e-01
3.281623755035304457e-01
3.021993533206894789e-01
3.215838870165646513e-01
3.033956653557984828e-01
3.026352533998049044e-01
2.257984516542760889e-01
3.642157718131096011e-01
3.669512914367993872e-01
2.762487430135516786e-01
2.568037615254853412e-01
3.104716416666550294e-01
3.149851830108025275e-01
2.712485140917680893e-01
3.206268462643925843e-01
2.988990313796494047e-01
3.134523814178567513e-01
2.572871960115595824e-01
2.778732023346303093e-01
2.894091319774624305e-01
3.141634998993747541e-01
3.714756777186477010e-01
3.970608982668243359e-01
4.573801138683175060e-01
2.376134622110015193e-01
2.904692398924860752e-01
1.101143063233860908e-01
3.066789191101174650e-01
3.216597390498316389e-01
4.355763202186957450e-01
3.034716811221457311e-01
2.927407165743903805e-01
3.652654612432593706e-01
3.808147634709582174e-01
3.724625178655993629e-01
2.362403380115753737e-01
2.708683965248595560e-01
3.436677905206645955e-01
2.559470379741032309e-01
2.883028401781418948e-01
3.689409930421663764e-01
2.744314610828394452e-01
2.878111345994939230e-01
2.429694018566851965e-01
3.640001616083903824e-01
3.492765844271555897e-01
4.638127257274065052e-01
3.321155778852555307e-01
3.584118215244537220e-01
4.897414640409264441e-01
3.474675895192924635e-01
2.970202797917331772e-01
4.441996177780745958e-01
3.208768043726683006e-01
2.962591282044129137e-01
3.919205798547804043e-01
3.138784066061148792e-01
2.802292124678426588e-01
2.963110609960287745e-01
2.187762412558763303e-01
2.408147736344011802e-01
3.060094421323743541e-01
2.904574181628895579e-01
2.822130195899295035e-01
2.004448824717401378e-01
3.101775118277578791e-01
3.470257816057622513e-01
3.213499624420780298e-01
3.297326967080861926e-01
3.716760227000067141e-01
2.875313754104020791e-01
2.969009013870574920e-01
2.216871962700713017e-01
2.466954878235219639e-01
2.936070529164246934e-01
3.087400919773197194e-01
2.769154559575653929e-01
3.409739911975805948e-01
3.850839674433721438e-01
2.740845042448343816e-01
3.637874605387451110e-01
3.477738036195850979e-01
3.079881675985203793e-01
3.468805942818842247e-01
2.752092306796361521e-01
2.862446244647510740e-01
2.048054996056400678e-01
3.227489878181320493e-01
3.606961615542402799e-01
4.170210298887356837e-01
3.146591261786383931e-01
8.570898391986161990e-02
3.192612726421719116e-01
3.189947797379629746e-01
3.424473663726242401e-01
3.163962072534105552e-01
3.724351685642397491e-01
1.970067899916584098e-01
2.067862407807246061e-01
3.922600310599001494e-01
2.860090830152671737e-01
7.825892030041763092e-02
2.082854838505228401e-01
3.275460335310803051e-01
2.853650356847250991e-01
2.311374318709307762e-01
3.357325305328182630e-01
2.546788257453049820e-01
3.610442127580457128e-01
3.234065822252982225e-01
3.862464394235258780e-01
3.729308494949199471e-01
4.570361495854876055e-01
2.096645384293566450e-01
2.853533479072032919e-01
3.621331208104470734e-01
3.238032642997545341e-01
3.378720439232743566e-01
2.897087539798384737e-01
4.573365073049883711e-01
2.531122283135034956e-01
2.832695290572405655e-01
4.039643074852075633e-01
3.017651451609210111e-01
3.168035140162685503e-01
2.657467488262349464e-01
2.958904019341042080e-01
2.805717042051717458e-01
3.128436661419541909e-01
2.734538315221002880e-01
3.264389106485571235e-01
2.698331465505114934e-01
3.830065891152348301e-01
3.251446610145806160e-01
3.486648361834653320e-01
3.481889869281058481e-01
2.240866252428696803e-01
4.652069588394468491e-01
2.964190885023787470e-01
4.104967977099187038e-01
2.177307278092169285e-01
2.667156796973598754e-01
3.467821974488602965e-01
3.432614074864128728e-01
2.595144716178917066e-01
3.998822847950948556e-01
3.263510668749397547e-01
3.644051657777712117e-01
2.350065411766694978e-01
3.530608102020904582e-01
2.899223389088403380e-01
3.520417767832838551e-01
2.713245649789001734e-01
2.686542758645079632e-01
3.738993317560060925e-01
2.714648474060138428e-01
3.535877593715273659e-01
2.911551230228600629e-01
3.189265036099970807e-01
4.380135675107681981e-01
3.196047484957814655e-01
2.626609415421057303e-01
1.929200378994568033e-01
2.833841689885634452e-01
3.484811859778790821e-01
2.580166823772988005e-01
3.303405128535725765e-01
3.141212566413687513e-01
3.589665458922420282e-01
2.563040456332809636e-01
2.409433788584889879e-01
2.935937854854075435e-01
3.407716297349114853e-01
3.761197327307289617e-01
3.343970650073392337e-01
3.000040065927921940e-01
4.407733641029376592e-01
3.568745035675244259e-01
2.754621049637390739e-01
2.407076258764661025e-01
3.038896396374250464e-01
2.643031968308489077e-01
3.520325355489072883e-01
3.635295637390168477e-01
2.573243225834720427e-01
4.193795602998482419e-01
2.974336305990588625e-01
3.837863945170419955e-01
2.507527814494392437e-01
3.222596016592143009e-01
3.442207300277462800e-01
2.872266401778716394e-01
2.483753238841016897e-01
2.593666190900408286e-01
3.373483977628328745e-01
2.765327105064595004e-01
2.149526321980222698e-01
3.195023851615357846e-01
4.156404851698997649e-01
3.836011198799941235e-01
2.604309929163813320e-01
3.668927366212169638e-01
4.206490193197115479e-01
4.085906533071423374e-01
3.011526943181586646e-01
2.820822793997077027e-01
2.491754034285286468e-01
2.837852802320132151e-01
4.042519698254169458e-01
4.189797152560538751e-01
4.053372063686135895e-01
1.591783632485920530e-01
2.971557210895570122e-01
2.955154300601354200e-01
2.704442023187554334e-01
3.375421353616537279e-01
3.556567381356554591e-01
3.576543014519288355e-01
2.207728550943707790e-01
1.436679203531772420e-01
3.016093326213648562e-01
2.706245511010658134e-01
2.379198120054157872e-01
2.727626113849888068e-01
3.582607494056921915e-01
2.057403277166829914e-01
3.528175995093442707e-01
2.639224072335979443e-01
3.534609858986767494e-01
3.131689823421597296e-01
3.009017494616355592e-01
1.930734438694756971e-01
3.785492006352810246e-01
3.109920890630038515e-01
2.156190932537057070e-01
1.122931219518832069e-01
2.620918095314538898e-01
2.564842851439392279e-01
2.369771557821983288e-01
2.344503265701128047e-01
4.028739399629810980e-01
2.946538208805709602e-01
3.124677007170716392e-01
2.320337272978851006e-01
3.484946761446348629e-01
2.810235512687503934e-01
2.771280307821211708e-01
3.322989633867144410e-01
3.302499919106963167e-01
3.024296249152256810e-01
3.761212601596749527e-01
1.842890137556522367e-01
3.082687958547764007e-01
2.670753330456280827e-01
2.567449274762019784e-01
3.411860561009630310e-01
3.348910599972546032e-01
2.667164674905315169e-01
2.957470026728664103e-01
1.965256765328918520e-01
1.872969824187358800e-01
1.911511732972746014e-01
2.950877358277308460e-01
2.747734738169925750e-01
2.680301783980766905e-01
1.418861984512526098e+00
3.230891276223563646e-01
2.073491653118819666e-01
2.725764911610858432e-01
2.002624873233335434e-01
3.043609995744889218e-01
1.860536545042227319e-01
3.095054971203724525e-01
3.045029949561144922e-01
3.079508942762348433e-01
4.231052761825255248e-01
2.322010014487219942e-01
3.635908936735017249e-01
2.727211445574395099e-01
3.035333912678212509e-01
2.843086495522947343e-01
2.000567222315670080e-01
3.028267301097589681e-01
3.363384993402234180e-01
2.371593312976622570e-01
2.716309532449347475e-01
2.985789996044503347e-01
2.340749849672735527e-01
2.887933554860299123e-01
1.524324330889443579e-01
3.119214642632442414e-01
1.904922526560431928e-01
3.011821765745110180e-01
3.720126915096021447e-01
2.611932411123977227e-01
3.065496653276729710e-01
3.842630320504473174e-01
4.324775165820655687e-01
4.234038912756876161e-01
3.033358019249767779e-01
3.347912176198092893e-01
3.089442725645581977e-01
2.458880673380682558e-01
3.350586245578116573e-01
4.053240152055873069e-01
3.025379895634101590e-01
3.771069913084836855e-01
2.821905790456605279e-01
2.952508800114961307e-01
3.266765806435689701e-01
3.297957874157532721e-01
3.560959011297675225e-01
2.523556030696716967e-01
3.486773422839117842e-01
4.090174456220396215e-01
2.752064137540518041e-01
2.847040266105304585e-01
3.321690616986425759e-01
2.943611200888415214e-01
2.641442429842702500e-01
3.098443637980358156e-01
4.094887369219232798e-01
4.529746935944165553e-01
3.479805115384542180e-01
3.915949579256634561e-01
3.652530418415945723e-01
2.842895533556820120e-01
2.477338209416551917e-01
3.608241492955814311e-01
3.505623643766677122e-01
4.370872365446243357e-01
3.401957277788372758e-01
3.100718043332069129e-01
2.668914386344459211e-01
3.321495308761600596e-01
3.053305242435845890e-01
4.312151109621737977e-01
4.445146190924211815e-01
3.297842474294389592e-01
2.818190846414418416e-01
2.591166891527414973e-01
3.189132475772434305e-01
3.741290380045217967e-01
3.331123619403395519e-01
7.178316188460791281e-02
3.017998681170496189e-01
2.446496053562793871e-01
3.870385569914628343e-01
3.380868916583529837e-01
2.963307676523457279e-01
2.934346144532805623e-01
4.229881181925667089e-01
2.891624987576834060e-01
2.435772216551432556e-01
3.108983344756075518e-01
2.710067628787448668e-01
3.837968171669068895e-01
3.077931216111308155e-01
3.087363827065602306e-01
2.845009670922344358e-01
4.050739293787600226e-01
1.918272902588310791e-01
2.976387203025255834e-01
4.170949089659930498e-01
3.642469830232154537e-01
2.895858190987328773e-01
2.766570503637393319e-01
4.533689799275131826e-01
3.122974159993865406e-01
3.996732477032565178e-01
3.328006835490489590e-01
4.029599872583244369e-01
3.585474012411099531e-01
3.163307066273947088e-01
2.088062459538507498e-01
3.094989515118666268e-01
2.814281074041863895e-01
4.434143942830265361e-01
2.822552803108375752e-01
2.818881915100254765e-01
2.490793019386061680e-01
2.434735892642735378e-01
2.826527021379687810e-01
2.983839159438694821e-01
3.656241674395208086e-01
4.160488302031326580e-01
2.492854111107432324e-01
1.395861147305920702e-01
2.766442177285417525e-01
3.104494356658236698e-01
3.815774997698680449e-01
2.932928431019126703e-01
4.794210850345358432e-01
2.587914089797597739e-01
2.946393092096657451e-01
2.591973240740113593e-01
3.041103945647380957e-01
2.593728945718242751e-01
3.374054097109870920e-01
3.022218429228308301e-01
1.541810828938892930e-01
2.481778348074119012e-01
3.105370245326199985e-01
7.114246086316879936e-01
2.764007785770114523e-01
2.973873799504543336e-01
3.472545920361481131e-01
2.764010369615462204e-01
3.456744551893546902e-01
3.280205425918412132e-01
2.137669319201130069e-01
3.099766776144218805e-01
2.905935919057375250e-01
3.455697918225407173e-01
4.220684163185399185e-01
3.279333369051908309e-01
3.418931366076113920e-01
4.627291862721817917e-01
2.425130941696723996e-01
3.768571371638722578e-01
3.088722353315128677e-01
2.667744950308215124e-01
3.904229279594196300e-01
2.390817402042373363e-01
3.017732843085352279e-01
3.738927650530681213e-01
3.581835829985610120e-01
3.235311587519093535e-01
2.410480106289134838e-01
3.213027613840621077e-01
3.344552089276239260e-01
2.800981060431858571e-01
2.889484424930974793e-01
2.729944536095190166e-01
2.931022169327009985e-01
3.078846216631060950e-01
3.642311361241938328e-01
3.457332757621737751e-01
3.054208976154640376e-01
4.709411453120921354e-01
3.087359012866359165e-01
2.874656812807283024e-01
3.185044027128453026e-01
2.445895736126412479e-01
3.631279633044401933e-01
1.813828703643877438e-01
2.944380901306081211e-01
3.205940125560756693e-01
3.632186183635098264e-01
3.327884103720735176e-01
3.041120971413319163e-01
3.182801169262276519e-01
4.272028839938968314e-01
3.758839554468986766e-01
3.199293223070919234e-01
3.729275167042490624e-01
3.488790365217031009e-01
2.384864222447246607e-01
3.926910609030151433e-01
2.635931731055551341e-01
2.837235362611661982e-01
2.952868367001071914e-01
2.784655574875499195e-01
3.652173118937970808e-01
1.723040010739120831e-01
3.355538922839501059e-01
1.775880455639155253e-01
3.622562509924213692e-01
3.301278465890554736e-01
3.217654234453419249e-01
3.074519351890240837e-01
2.171515507068753070e-01
2.068814597316812887e-01
3.811818178803381141e-01
3.516636925305436923e-01
3.740582768535749558e-01
3.182724586251303722e-01
2.854216991912699175e-01
3.204686949610693336e-01
2.700712226709791608e-01
2.879854306035135592e-01
3.184067855250983792e-01
3.331541545938404014e-01
1.948109394798281935e-01
4.036102910877343852e-01
3.564386688253008972e-01
3.753627272869125564e-01
2.935392255465933409e-01
3.491192225883177347e-01
1.055947492667547172e-01
2.945746304427355189e-01
3.618364599459323316e-01
2.565402483296840286e-01
1.184439736754290678e-01
4.193600153917097506e-01
3.084125854139284639e-01
2.721208329446592744e-01
3.855074414925700466e-01
2.946389595513056459e-01
2.152989606698978986e-01
2.980445985462629732e-01
3.189411822622298387e-01
4.131005204730522351e-01
3.083399409870589136e-01
3.203308737892466840e-01
2.532585203044341871e-01
4.698029120973963857e-01
2.543243106015920518e-01
3.207370551711123396e-01
3.555766107793923991e-01
2.850140908519832039e-01
3.235369498258863774e-01
4.019377222662188776e-01
2.066123161874290348e-01
3.015868834793373754e-01
3.912880893203140587e-01
2.779329754051015899e-01
3.033093559198230538e-01
3.515125080212632147e-01
9.170848112299015420e-02
3.745443878862457776e-01
3.866090736532808991e-01
3.530528696251838960e-01
3.921525997853080869e-01
4.710330114709507798e-01
4.500122931354353928e-01
3.166021220819062454e-01
3.466011431900781758e-01
3.061101106827346374e-01
2.988824489421638142e-01
2.731834193062422922e-01
2.225324672217723065e-01
3.244382318796562026e-01
7.956967260551421617e-02
2.948179674839067066e-01
3.496389491649887216e-01
3.783998046285685368e-01
2.759867668647247307e-01
2.838844098912319813e-01
3.172861143972085518e-01
3.261574226673180643e-01
2.588422766161442845e-01
3.828415934245403829e-01
2.539810945804802933e-01
1.943044759502367269e-01
1.762166010913454595e-01
3.615239634129912560e-01
3.129323982464662368e-01
3.237215209550496908e-01
3.492784244303888674e-01
3.566865707171664179e-01
3.823087578655084418e-01
2.861635502636042383e-01
3.217512709723320263e-01
3.919794060533672297e-01
3.151078216279776245e-01
4.196377166341536125e-01
2.782449867944802313e-01
3.611054566953837419e-01
2.122865887478622982e-01
3.705127963188799556e-01
2.012893543137974361e-01
2.691044481752543072e-01
3.054222127412427601e-01
3.191697885360481601e-01
1.350903885759950351e-01
2.685216157431825068e-01
3.427359152567617251e-01
3.794288909629179307e-01
2.846148637225635047e-01
2.449567559113915716e-01
3.221016684491582183e-01
1.940013912994222878e-01
2.886579450858752227e-01
3.000768503944648002e-01
3.714993861030790323e-01
2.533457198820440182e-01
2.589863507308097224e-01
2.547257769935652449e-01
3.430685536023729276e-01
3.265107897377989010e-01
3.515806423379457812e-01
2.682810779064275786e-01
2.753306461976812169e-01
1.638652976148143037e-01
3.132142782248377166e-01
2.783606186542267880e-01
3.310403999244364015e-01
3.860498905198412323e-01
2.412039209778368831e-01
3.181451619840440781e-01
3.242249824344036746e-01
2.347154339295530190e-01
2.581434425433303814e-01
3.205661220977026882e-01
2.704128046842512179e-01
2.812719466344381636e-01
2.961347277253040255e-01
3.738460314789580630e-01
3.660271397579652475e-01
2.585951717293403784e-01
2.707648600611665124e-01
3.018168759424976755e-01
3.209200462298181789e-01
1.830405159001294024e-01
3.581720452694606149e-01
3.044476398935568873e-01
1.785852636725257236e-01
3.301798190563280944e-01
3.813880444743860676e-01
2.704859610848087126e-01
1.926626209429588288e-01
2.641760275937781177e-01
2.243015588130846949e-01
3.456972605670755039e-01
2.376778905361732475e-01
2.651651857194576856e-01
2.917786491076403421e-01
3.579616079614224011e-01
3.902764634087514950e-01
2.837545728132148115e-01
2.157425186487521851e-01
3.557779736046286501e-01
2.861765950348102994e-01
1.735569336167106236e-01
2.868272870291658228e-01
3.503419748728647809e-01
3.086487881157500279e-01
2.968020187543956578e-01
2.845254860607762670e-01
3.743914956739921585e-01
3.776573822976317385e-01
2.409200469036596459e-01
3.512152411238194105e-01
2.491694788265607918e-01
3.796840435293127869e-01
2.677931051060560286e-01
3.364039480992342401e-01
4.166817632626148016e-01
3.303984984817982529e-01
3.355096790293170539e-01
3.276026621165488706e-01
3.103787215031604818e-01
4.103353497552838514e-01
3.625769730689553105e-01
3.197721908433441840e-01
3.578101152116680006e-01
2.203476993410514451e-01
2.519268881769078372e-01
2.936453049473337629e-01
4.251455177084703108e-01
3.203931908207370283e-01
3.156552866779268052e-01
2.689571518093617497e-01
2.926415982496695101e-01
2.288683346962612775e-01
2.924342226071826589e-01
3.585255956411974587e-01
1.754120302309676027e-01
2.737604259169044707e-01
3.346106538799469843e-01
3.800476507351455702e-01
2.631613262923248597e-01
3.630915178485596972e-01
2.178494390742780062e-01
2.457830323179826526e-01
1.385586081630533484e-01
2.830741271743189569e-01
3.491012394237981153e-01
3.349754107175899609e-01
3.515368590642142244e-01
2.600360833882137679e-01
2.214686440900434095e-01
1.184533456496613957e-01
3.785711550458354391e-01
1.790184263683751997e-01
3.521581820830672616e-01
3.312903490574029552e-01
2.948620769803840247e-01
2.861928071142562091e-01
3.281271033339978604e-01
2.695683007258001807e-01
2.197095736835029400e-01
2.560551227242314765e-01
2.199585882917984847e-01
2.729016118283548176e-01
2.822204064456294570e-01
3.097176058808068788e-01
2.490316302180872188e-01
4.834393903970390372e-01
3.523774718861799049e-01
4.139714975586306633e-01
2.600846327050371221e-01
2.911318962462833837e-01
2.405339979481990187e-01
2.686907582925374682e-01
3.321977609846428203e-01
3.594014592074032399e-01
3.617617229011717561e-01
2.829693749889014565e-01
2.900071922100340704e-01
2.669405440499928450e-01
3.272283178922065217e-01
2.556742521882151564e-01
3.222464600279425495e-01
3.029711874259201076e-01
2.833111556942768394e-01
2.352726118099427444e-01
2.455579821936002827e-01
3.483631483005609208e-01
3.263665517579239506e-01
2.934915147581321770e-01
2.476465834230338892e-01
3.149107573532325399e-01
3.277045137419011822e-01
4.245762482275766136e-01
2.481169712999727051e-01
2.586789915045367150e-01
2.261956281585005557e-01
3.622104363998127075e-01
2.938251682109896401e-01
3.323239119762566585e-01
3.627643405356306139e-01
3.384515388828409632e-01
3.364482941211551226e-01
3.365123241941977983e-01
2.503083486436374350e-01
2.776366457432210555e-01
3.453342819670077168e-01
3.442767701537124414e-01
2.535109262725952495e-01
2.108849887204285733e-01
3.275978541901662933e-01
2.468287038752786933e-01
1.907964803303071055e-01
2.365268589580336311e-01
3.894789513074430332e-01
2.882716799904532778e-01
2.952039504100287814e-01
2.512075842299550943e-01
2.686221252306974505e-01
3.470013527771397821e-01
3.549773299661098114e-01
3.383495844022524346e-01
2.355032183978373883e-01
2.943744721986462642e-01
3.184342915739119539e-01
3.382766210908597082e-01
2.728896763897366018e-01
3.016945883621582891e-01
2.961304592667646229e-01
4.706758050114592251e-01
3.624976445962285743e-01
3.074387503834073443e-01
2.121503670130950869e-01
3.286711422933215054e-01
2.878318935350033803e-01
2.197981522689584355e-01
1.847856776588664707e-01
3.516784678205926440e-01
3.446386757881630958e-01
2.533753905596039524e-01
4.130065945869051958e-01
3.442016837855267908e-01
2.840751596720826888e-01
3.038179404723150845e-01
2.380463579126926021e-01
2.294009012679104620e-01
3.718850732048145091e-01
1.782689594846580683e-01
3.277786541432164413e-01
2.332212983251769622e-01
3.112742130620319014e-01
4.639748913294070576e-01
3.371545313367162455e-01
4.813138423337757765e-01
3.369144086973208108e-01
3.079845798255208544e-01
3.504027018950416905e-01
2.724510043152038041e-01
3.236105176112379911e-01
3.105912942973790836e-01
2.718487587462818933e-01
2.586949441440277164e-01
2.911038361792104845e-01
3.226519074611569615e-01
2.383977284020769860e-01
4.021647669608682252e-01
2.775783393684867484e-01
2.414122388127702967e-01
4.800519368574508450e-01
3.488891713073983269e-01
2.901081850680875540e-01
2.757823151355225932e-01
2.685016972943591873e-01
3.464583908456477235e-01
2.220873855711572864e-01
2.971744745436060153e-01
2.563936342779942201e-01
1.835368191276686711e-01
3.813366538149177698e-01
3.482118440147560223e-01
3.365933589040819851e-01
3.008209793686911215e-01
3.324968256752516282e-01
2.452217173041185694e-01
3.364557057646679894e-01
2.386808981900174764e-01
1.782951631159796491e-01
1.693027144732983102e-01
2.813979305757556837e-01
3.379273233512594121e-01
4.338583526321387329e-01
2.795792177951056390e-01
2.897573705174382730e-01
3.267136601111581551e-01
2.847467483604727012e-01
2.547260755153695211e-01
1.793249071984028553e-01
3.492021528490886761e-01
2.557675791030253887e-01
3.779059459435758495e-01
4.013959806417106146e-01
3.255337691690944335e-01
3.287733117756708179e-01
2.607432660149828774e-01
3.028040182926325374e-01
2.886409270399133975e-01
3.268603220406333665e-01
3.085037300822460749e-01
2.803134985187996087e-01
3.105046014478264893e-01
4.175071539059980186e-01
3.275422829574833328e-01
2.786105606066374696e-01
1.801736735646417564e-01
3.582642547692145296e-01
5.119195066512055581e-01
3.514976536765755943e-01
4.313216695614064400e-01
4.200731074136879739e-01
3.694370350439448725e-01
3.088132467939098680e-01
2.272533749331369923e-01
2.704307518479505679e-01
2.542945271559982623e-01
4.907018798552654215e-01
3.691908747998209339e-01
2.331809019769615354e-01
3.484239838924246269e-01
3.067367705657264021e-01
2.956363974014923901e-01
4.031654203877450549e-01
3.449877484388872984e-01
3.458096266343655967e-01
1.848009850331626958e-01
3.709826801957603615e-01
4.630035424062892147e-01
1.969449786332840568e-01
3.481552103499467310e-01
3.448499589390892073e-01
3.259579558567178847e-01
3.695856794116201272e-01
3.026184612709135746e-01
1.757481394543303765e-01
3.594706409331008823e-01
3.324332332897679265e-01
3.080980697155277226e-01
3.170506366042651902e-01
3.309491812231305508e-01
2.547631515921722212e-01
1.334434912387763017e-01
3.258921689622931717e-01
2.729266399522656261e-01
3.479905561470624242e-01
3.386349173136563584e-01
3.269822195279873389e-01
1.693473547167930748e-01
3.249720677248955636e-01
4.992552745978404843e-02
2.846358983824904265e-01
2.910330542196181147e-01
3.770257204302645548e-01
2.999540011967160025e-01
5.199133740390049496e-01
3.395005545865313334e-01
3.022746073624434371e-01
3.696589899371139354e-01
2.865221444261887296e-01
1.926162311221553680e-01
3.948876985596511124e-01
1.006546301611920824e-01
1.993839483952592473e-01
2.229576422573665284e-01
1.859185304936922800e-01
5.137289688851368608e-01
3.284947488001115357e-01
3.135526836769778614e-01
3.590842090764745365e-01
3.903408222471999034e-01
4.076287618950880653e-01
3.832152394679113061e-01
3.172207956109721061e-01
3.309403828855654317e-01
3.490925530275189592e-01
3.355414664835112415e-01
4.041172585446157761e-01
3.318601320419806711e-01
3.539304849680210974e-01
4.331723681993570607e-01
2.299739650979162331e-01
1.863641135522096093e-01
3.678424241341533008e-01
2.732484223822241320e-01
2.617506950030357160e-01
2.826642752019836169e-01
2.547336078856211605e-01
3.796333146088443078e-01
2.862338113241938986e-01
2.203111899046920619e-01
3.605586901911501663e-01
3.540874150605833326e-01
2.010544200755744748e-01
1.752856874349537908e-01
4.098493552237151283e-01
5.176330955156613900e-01
2.180433934731140500e-01
4.667517547879032058e-01
2.445579249870439564e-01
4.110298337888664832e-01
3.212316508008390414e-01
3.194879935322215148e-01
